lastAccountName: tamaschque
timestamps:
  login: 1587402991782
  logout: 1587406794026
ipAddress: 91.115.17.200
money: '80.0'
logoutlocation:
  world: world
  x: -3347.1878749427515
  y: 64.0
  z: -633.0487689819456
  yaw: -104.57669
  pitch: 15.862951
