lastAccountName: ThuTHREE
timestamps:
  login: 1586636344249
  lastteleport: 1585999560390
  logout: 1586636591082
ipAddress: 79.186.253.192
lastlocation:
  world: world
  x: -2534.0
  y: 83.0
  z: -1085.0
  yaw: 219.74998
  pitch: 13.650002
money: '40.0'
homes:
  home:
    world: world
    x: -2074.8717359857883
    y: 72.0
    z: -1802.1497294412854
    yaw: 356.67285
    pitch: 21.600075
logoutlocation:
  world: world
  x: -2076.5091933455137
  y: 72.0
  z: -1805.1653748296958
  yaw: -190.70471
  pitch: 43.649597
