lastAccountName: Garillius
timestamps:
  login: 1583547328432
  logout: 1583549619563
ipAddress: 178.119.111.1
money: '20.0'
logoutlocation:
  world: world
  x: -2414.699999988079
  y: 63.0
  z: -1204.367407293224
  yaw: 227.83653
  pitch: 3.7205799
