lastAccountName: magiedraakxd
timestamps:
  login: 1587212822690
  logout: 1587213691128
  lastteleport: 1587210931270
ipAddress: 77.163.166.159
money: '680.0'
logoutlocation:
  world: world
  x: 69.5136091410312
  y: 62.0732646470069
  z: 6531.409345255232
  yaw: 12.594338
  pitch: 8.793673
lastlocation:
  world: world
  x: -2562.1740494250594
  y: 83.0
  z: -1064.4510408996655
  yaw: 8.352443
  pitch: 8.445484
afk: false
