lastAccountName: Gaasu
timestamps:
  login: 1586399215751
  logout: 1586400918680
  lastteleport: 1586400301728
ipAddress: 71.87.78.71
lastlocation:
  world: world
  x: -2554.699999988079
  y: 31.0
  z: -570.3000000119209
  yaw: 169.82434
  pitch: 74.54984
money: '60.0'
logoutlocation:
  world: world
  x: -2534.0
  y: 83.0
  z: -1085.0
  yaw: 7.050003
  pitch: 2.4000003
