lastAccountName: jombie75
timestamps:
  login: 1580666957341
  lastteleport: 1580673934632
  logout: 1580674345608
ipAddress: 84.196.20.75
lastlocation:
  world: world
  x: -472.0
  y: 80.0
  z: -1.0
  yaw: -1.95
  pitch: -2.4
homes:
  home:
    world: world
    x: -276.96615434933165
    y: 63.0
    z: -1832.95386816896
    yaw: -182.05786
    pitch: 10.350262
money: '150.0'
logoutlocation:
  world: world
  x: -271.8786529908055
  y: 63.0
  z: -1847.3036999381468
  yaw: 216.45776
  pitch: 39.750614
