lastAccountName: Rookyindiana
timestamps:
  login: 1568768992440
  lastteleport: 1568770164521
  logout: 1568772253676
ipAddress: 24.52.168.97
lastlocation:
  world: world
  x: -403.0
  y: 63.0
  z: 99.0
  yaw: 191.84993
  pitch: 21.150007
money: '60.0'
homes:
  home:
    world: world
    x: -415.4424121561645
    y: 82.0
    z: -31.55861613980035
    yaw: 182.83282
    pitch: 89.549995
logoutlocation:
  world: world
  x: -415.35254946549117
  y: 12.0
  z: -107.02302778613284
  yaw: -336.33365
  pitch: 23.99981
