lastAccountName: Hydroxicc
timestamps:
  login: 1582510441050
  logout: 1582511000855
  lastteleport: 1582510546051
ipAddress: 73.23.239.120
money: '380.0'
logoutlocation:
  world: world
  x: -3024.723477448731
  y: 77.0
  z: -906.4238698344466
  yaw: 62.123085
  pitch: 8.749708
lastlocation:
  world: world
  x: -2964.9586437532203
  y: 63.5625
  z: -798.5293894168633
  yaw: -53.04394
  pitch: 21.573753
