lastAccountName: WizzleWuzzle
timestamps:
  login: 1587252332031
  logout: 1587255992055
  lastteleport: 1587254806041
ipAddress: 71.54.178.195
money: '141921.93'
logoutlocation:
  world: world
  x: -757.5
  y: 64.0
  z: -477.5
  yaw: 83.905426
  pitch: 5.3998194
lastlocation:
  world: world_the_end
  x: 88.78485171321793
  y: 1.0625
  z: -182.95578109324563
  yaw: 179.30707
  pitch: 17.699764
homes:
  home:
    world: world
    x: -757.0576248550324
    y: 64.0
    z: -477.1061045292837
    yaw: 206.30548
    pitch: 22.199827
afk: false
