lastAccountName: Kuzeyno
timestamps:
  login: 1569167096158
  logout: 1569167170509
ipAddress: 62.29.37.182
lastlocation:
  world: world
  x: -399.5
  y: 63.0
  z: 89.5
  yaw: 1.7545549
  pitch: 0.0
logoutlocation:
  world: world
  x: -425.8827854669581
  y: 63.0
  z: 72.97806487608679
  yaw: 282.82892
  pitch: 13.939071
