lastAccountName: Monkeymomma
timestamps:
  login: 1586914110211
  logout: 1586914324985
ipAddress: 24.7.153.136
logoutlocation:
  world: world
  x: -2547.090950562856
  y: 83.0
  z: -1084.2950788090955
  yaw: 160.89151
  pitch: -2.0998235
