lastAccountName: daarkies
timestamps:
  login: 1584713794551
  logout: 1584716136920
  lastteleport: 1584714588652
ipAddress: 80.3.69.182
logoutlocation:
  world: world
  x: -1438.405666892212
  y: 64.0
  z: -698.5641775243478
  yaw: -64.84412
  pitch: 12.621038
lastlocation:
  world: world
  x: -2565.3983561492855
  y: 72.0625
  z: -1088.300000011921
  yaw: -276.1714
  pitch: 16.697435
money: '357.40'
afk: false
homes:
  home:
    world: world
    x: -1437.3561979456235
    y: 64.0
    z: -698.9941500430602
    yaw: -350.43622
    pitch: 14.956184
