lastAccountName: Jongunsmoke
timestamps:
  login: 1583196835903
  lastteleport: 1583201404821
  logout: 1583201470945
ipAddress: 81.96.112.211
lastlocation:
  world: world
  x: 1402.300000011921
  y: 50.0
  z: 2347.699999988079
  yaw: 174.30609
  pitch: 7.7998457
money: '173.50'
homes:
  home:
    world: world
    x: 1210.3210438775236
    y: 69.0
    z: 2150.4798936159964
    yaw: 302.56262
    pitch: 35.100216
logoutlocation:
  world: world
  x: 1211.415565525969
  y: 69.5625
  z: 2149.300000011921
  yaw: 33.459503
  pitch: 48.60033
