lastAccountName: EskimoFire
timestamps:
  login: 1582764673204
  lastteleport: 1582772240667
  logout: 1582772477243
ipAddress: 218.214.189.183
lastlocation:
  world: world_the_end
  x: 828.305865744115
  y: -238.49313199935608
  z: -760.4544754961328
  yaw: 15.964312
  pitch: 64.20066
money: '414.5'
logoutlocation:
  world: world_the_end
  x: 828.305865744115
  y: -238.49313199935608
  z: -760.4544754961328
  yaw: 15.964312
  pitch: 64.20066
homes:
  home:
    world: world
    x: -1505.2156210982193
    y: 64.0
    z: -318.35927544793566
    yaw: -208.9281
    pitch: 10.95023
