lastAccountName: w33monkas
timestamps:
  login: 1585950277809
  lastteleport: 1585949302076
  logout: 1585950072582
ipAddress: 173.32.8.130
lastlocation:
  world: world
  x: -3000.300000011921
  y: 12.0
  z: -1054.1568107793255
  yaw: -3.5622709
  pitch: 13.02718
money: '100.0'
logoutlocation:
  world: world
  x: -3015.6654935413576
  y: 9.0
  z: -1073.3384453710585
  yaw: -270.7173
  pitch: 31.121273
