lastAccountName: Zappy19
timestamps:
  login: 1584721899772
  logout: 1584721931128
ipAddress: 86.19.84.195
logoutlocation:
  world: world
  x: -2584.382381173916
  y: 78.0
  z: -1103.613526577104
  yaw: -174.40967
  pitch: -17.07986
