lastAccountName: mhurford
timestamps:
  login: 1566950657996
  lastteleport: 1566954306764
  logout: 1566954890104
ipAddress: 70.123.227.181
lastlocation:
  world: world
  x: -1082.490821196424
  y: 62.0
  z: -91.71475764168666
  yaw: 185.92201
  pitch: 24.600445
logoutlocation:
  world: world
  x: -391.4616451613273
  y: 185.0
  z: 252.5031944575374
  yaw: 90.30805
  pitch: 73.34991
