lastAccountName: EnglishGuys
timestamps:
  login: 1584666430828
  lastteleport: 1584672946017
  logout: 1584675455773
ipAddress: 82.14.65.224
lastlocation:
  world: world
  x: -218.30000001192093
  y: 64.0
  z: 334.13337400635623
  yaw: -92.32849
  pitch: -3.1504872
money: '6887.5'
logoutlocation:
  world: world
  x: -1203.795771983665
  y: 64.0
  z: 68.50794342003812
  yaw: 88.63953
  pitch: 18.299858
homes:
  home:
    world: world
    x: -1272.6999616369708
    y: 64.0
    z: 60.061802851977795
    yaw: -299.30743
    pitch: 23.399189
nickname: EnglishGuyTW
afk: false
