lastAccountName: SliheringSam
timestamps:
  login: 1582648498960
  logout: 1582648883572
ipAddress: 90.219.91.110
logoutlocation:
  world: world
  x: -2468.2300095352575
  y: 108.0
  z: -1051.4086655780272
  yaw: 65.10187
  pitch: 31.949537
lastlocation:
  world: world
  x: -2619.3160678522904
  y: 80.0
  z: -1097.8013515549162
  yaw: -77.041504
  pitch: 3.7501597
