lastAccountName: Dkenniz
timestamps:
  login: 1585770541704
  lastteleport: 1585677598335
  logout: 1585771958436
ipAddress: 87.96.195.196
money: '80.0'
lastlocation:
  world: world
  x: -2534.0
  y: 83.0
  z: -1085.0
  yaw: 75.90001
  pitch: 7.3500032
logoutlocation:
  world: world
  x: -5004.773788590582
  y: 81.0
  z: 978.8976453251396
  yaw: -157.7749
  pitch: 25.499199
