lastAccountName: StarlightKoshka
timestamps:
  login: 1587403147023
  logout: 1568682639924
  lastteleport: 1587404037963
ipAddress: 73.59.90.23
lastlocation:
  world: world
  x: -2569.2757684732587
  y: 72.0
  z: -1101.542303568773
  yaw: -8.267731
  pitch: 7.004527
money: '515.0'
logoutlocation:
  world: world
  x: -279.30000001192093
  y: 54.0
  z: 166.70604058807257
  yaw: 242.47104
  pitch: 74.55013
homes:
  home:
    world: world
    x: -3559.399650282499
    y: 71.0
    z: 631.3903445554351
    yaw: -270.96805
    pitch: 5.412133
afk: false
