lastAccountName: dalo97
timestamps:
  login: 1582899161833
  lastteleport: 1582899214561
  logout: 1582901353166
ipAddress: 176.199.210.85
lastlocation:
  world: world
  x: -1478.9079787787011
  y: 14.0
  z: -1305.6304351886147
  yaw: -174.42667
  pitch: 32.100243
money: '600.0'
homes:
  home:
    world: world
    x: -1453.6133500967971
    y: 11.0
    z: -1276.5617796429096
    yaw: -272.2305
    pitch: 9.750262
logoutlocation:
  world: world
  x: -1853.5558647089206
  y: 10.0
  z: -1275.300000011921
  yaw: -210.91699
  pitch: 19.499989
