lastAccountName: theJAKEMAN
timestamps:
  login: 1583544899972
  lastteleport: 1583549287924
  logout: 1583551014677
ipAddress: 172.89.86.52
lastlocation:
  world: world_nether
  x: -459.30000001192093
  y: 13.0
  z: -331.82219188756943
  yaw: -200.66882
  pitch: -22.552643
logoutlocation:
  world: world
  x: -3552.8028772034045
  y: 11.0
  z: -1059.3772248805608
  yaw: -130.17839
  pitch: 15.389233
money: '100.0'
homes:
  home:
    world: world
    x: -3637.8606770775345
    y: 70.875
    z: -1054.2019195657406
    yaw: -124.96695
    pitch: 20.106457
