lastAccountName: gamehunger786
timestamps:
  login: 1586825551030
  lastteleport: 1586828441275
  logout: 1586829625136
ipAddress: 160.176.43.181
lastlocation:
  world: world
  x: -2329.6063731918753
  y: 63.0
  z: 2242.2741110940997
  yaw: -164.82019
  pitch: 10.500003
money: '65.0'
logoutlocation:
  world: world
  x: -2743.216767051273
  y: 70.0
  z: 3481.2770770355582
  yaw: -119.68099
  pitch: 3.750043
