lastAccountName: techwolves
timestamps:
  login: 1569532851664
  logout: 1569533904601
ipAddress: 73.0.99.196
lastlocation:
  world: world
  x: -397.5
  y: 63.0
  z: 91.5
  yaw: 0.1988384
  pitch: 0.0
money: '20.0'
homes:
  home:
    world: world
    x: 300.34295148891226
    y: 63.0
    z: 26.743988636335576
    yaw: 14.40802
    pitch: 11.849934
logoutlocation:
  world: world
  x: 294.32805074831884
  y: 70.0
  z: 41.40494842407573
  yaw: 238.95805
  pitch: 43.499924
