lastAccountName: Axxetri
timestamps:
  login: 1583612739777
  lastteleport: 1583617950220
  logout: 1583622173083
ipAddress: 80.212.27.36
lastlocation:
  world: world
  x: -2545.0
  y: 83.0
  z: -1085.0
  yaw: -2.5500004
  pitch: 3.0000005
money: '200.9'
logoutlocation:
  world: world
  x: -830.2595813473679
  y: 9.0
  z: 1233.6047638991897
  yaw: -88.13258
  pitch: 12.149887
