lastAccountName: MuseTheMoose
timestamps:
  login: 1577936659948
  lastteleport: 1577419763065
  logout: 1577936667400
ipAddress: 73.209.203.14
lastlocation:
  world: world
  x: -472.0
  y: 80.0
  z: -1.0
  yaw: 0.0
  pitch: 0.0
logoutlocation:
  world: world
  x: -1344.0567703469007
  y: 63.0
  z: 52.278715114455444
  yaw: 19.99742
  pitch: 30.449915
money: '184.00'
homes:
  home:
    world: world
    x: -1374.8512991981854
    y: 73.0
    z: 52.994039589740765
    yaw: 167.86084
    pitch: 57.441055
