lastAccountName: Contemplar
timestamps:
  login: 1584903339620
  lastteleport: 1584903551634
  logout: 1584904759292
ipAddress: 92.220.171.184
lastlocation:
  world: world
  x: -2631.2917276343264
  y: 87.0
  z: -1061.7708988549628
  yaw: -135.55963
  pitch: 1.3495508
money: '20.0'
logoutlocation:
  world: world
  x: -2620.636485122268
  y: 64.0
  z: -248.56101074034862
  yaw: 94.003296
  pitch: 8.099376
