lastAccountName: skitflow
timestamps:
  login: 1587102736160
  lastteleport: 1587107618281
  logout: 1587107833167
ipAddress: 199.0.199.198
money: '410.58'
lastlocation:
  world: world
  x: -2387.380909376652
  y: 64.0
  z: -1215.5439061286795
  yaw: 123.61792
  pitch: 20.099646
afk: false
logoutlocation:
  world: world
  x: -2560.425584983881
  y: 72.0
  z: -1072.5614854248277
  yaw: -143.09192
  pitch: 2.249743
homes:
  home:
    world: world
    x: -2411.232102892413
    y: 63.0
    z: -1222.4468912435977
    yaw: 290.41333
    pitch: 14.399704
