lastAccountName: Aero_Bacon
timestamps:
  login: 1566447792618
  logout: 1566450009749
ipAddress: 99.255.73.90
logoutlocation:
  world: world
  x: -65.12098825783322
  y: 63.0
  z: 128.20212690977792
  yaw: -82.96973
  pitch: 20.849264
