lastAccountName: Utraz
timestamps:
  login: 1578889406323
  lastteleport: 1578889954239
  logout: 1578890464267
ipAddress: 58.161.229.248
lastlocation:
  world: world
  x: -438.0175711945857
  y: 63.0
  z: 38.42296622775266
  yaw: 145.80383
  pitch: -15.600164
logoutlocation:
  world: world
  x: -1578.950948227586
  y: 63.10075841064397
  z: 13.622052926994055
  yaw: 271.93942
  pitch: 88.499985
money: '21800.0'
homes:
  home:
    world: world
    x: -445.74212994361653
    y: 73.0
    z: 31.788080570791656
    yaw: 136.80426
    pitch: 23.84987
