lastAccountName: Hailightz
timestamps:
  login: 1587395866820
  lastteleport: 1587396326534
  logout: 1587396589221
ipAddress: 24.139.111.12
lastlocation:
  world: world
  x: -2553.494815719626
  y: 81.0
  z: -1203.8220709577186
  yaw: -7.6238008
  pitch: 2.8530602
money: '120.0'
logoutlocation:
  world: world
  x: 1321.0667291894147
  y: 66.0
  z: -210.37795246396837
  yaw: -225.93817
  pitch: 16.350077
