lastAccountName: Syctorius
timestamps:
  login: 1585347310459
  lastteleport: 1585347390230
  logout: 1585347897485
ipAddress: 84.87.13.210
lastlocation:
  world: world
  x: -2554.630179455789
  y: 91.0
  z: -1089.516135679071
  yaw: 303.70117
  pitch: 2.999793
logoutlocation:
  world: world
  x: -2221.168102241791
  y: 49.5
  z: -531.6999999880791
  yaw: 91.02698
  pitch: 11.999289
