lastAccountName: EirTheHealer
timestamps:
  login: 1584050312693
  lastteleport: 1584052982790
  logout: 1584053982404
ipAddress: 45.47.162.245
money: '80.0'
homes:
  home:
    world: world
    x: -2031.3195966847222
    y: 73.0
    z: -1257.9521792059336
    yaw: 104.67456
    pitch: 31.49674
lastlocation:
  world: world
  x: -2021.0490856702315
  y: 65.0
  z: -1230.6235737564818
  yaw: 153.96631
  pitch: 26.20693
logoutlocation:
  world: world
  x: -2030.7890000267107
  y: 73.0
  z: -1258.538086038296
  yaw: 272.98572
  pitch: 36.30119
