lastAccountName: FlabbyBunny
timestamps:
  login: 1585653613113
  lastteleport: 1585658982363
  logout: 1585659942923
ipAddress: 49.146.5.103
lastlocation:
  world: world
  x: -2350.467681052646
  y: 17.0
  z: -1232.300000011921
  yaw: 285.65463
  pitch: 9.000076
money: '460.0'
logoutlocation:
  world: world
  x: -2352.6419921364995
  y: 56.0
  z: -1218.2601090421037
  yaw: 245.53271
  pitch: 11.550019
homes:
  home:
    world: world
    x: -2352.1366958728204
    y: 57.0
    z: -1210.1957736349264
    yaw: 192.20947
    pitch: 8.550026
afk: false
