lastAccountName: Tobaschkes
timestamps:
  login: 1571953399563
  lastteleport: 1571953420112
  logout: 1571954415378
ipAddress: 87.147.216.188
lastlocation:
  world: world
  x: -472.0
  y: 80.0
  z: -1.0
  yaw: -104.786285
  pitch: 31.143044
homes:
  home:
    world: world
    x: -673.8204274410762
    y: 63.0
    z: -29.700733867291504
    yaw: 85.21077
    pitch: 67.72344
money: '60.0'
logoutlocation:
  world: world
  x: -597.3000000119209
  y: 23.0
  z: 15.69999998807907
  yaw: 259.08795
  pitch: 52.11428
