lastAccountName: Gen_Whiskers
timestamps:
  login: 1585785911138
  lastteleport: 1585789997313
  logout: 1585790995649
ipAddress: 76.85.5.11
lastlocation:
  world: world
  x: -1399.145971283688
  y: 65.0
  z: -64.23931537640978
  yaw: 99.23758
  pitch: 7.800453
homes:
  home:
    world: world
    x: -2963.289044531561
    y: 74.0
    z: -1095.5416662337777
    yaw: 274.50845
    pitch: 20.850267
money: '94.0'
logoutlocation:
  world: world
  x: -2964.675497432009
  y: 74.0
  z: -1103.7963999012843
  yaw: 336.98083
  pitch: 10.2002735
