lastAccountName: ckelling
timestamps:
  login: 1585084816331
  lastteleport: 1585085071443
  logout: 1585085286199
ipAddress: 84.59.107.202
lastlocation:
  world: world
  x: -8159.300000011921
  y: 12.0
  z: -247.81854869175837
  yaw: -7.3125076
  pitch: 19.1789
money: '4895.0'
homes:
  home:
    world: world
    x: -8189.699999988079
    y: 66.0
    z: -250.61824769545169
    yaw: -156.38495
    pitch: 20.70651
logoutlocation:
  world: world
  x: -8187.300000011921
  y: 66.0
  z: -250.22046683723332
  yaw: 138.5439
  pitch: 26.033733
afk: false
