lastAccountName: BentJacobs
timestamps:
  login: 1587319682622
  lastteleport: 1587310077002
  logout: 1587319784072
ipAddress: 178.85.232.37
lastlocation:
  world: world_nether
  x: 6.61111246104438
  y: 53.0
  z: -201.0607987659737
  yaw: -304.65826
  pitch: 20.39995
afk: false
money: '44.5'
logoutlocation:
  world: world
  x: -2236.3765709054405
  y: 64.0
  z: -1297.2408134963925
  yaw: 79.50241
  pitch: 4.64985
homes:
  home:
    world: world
    x: -1116.9104382099147
    y: 68.0
    z: -586.1491572065469
    yaw: -76.650635
    pitch: 16.349928
