lastAccountName: AttackOfTheMoons
timestamps:
  login: 1582765747973
  lastteleport: 1582772797115
  logout: 1582773108415
ipAddress: 137.119.41.156
homes:
  home:
    world: world
    x: -2790.925540159844
    y: 64.0
    z: -1474.9420064189808
    yaw: -180.36177
    pitch: 19.94958
lastlocation:
  world: world_the_end
  x: 970.2978235647307
  y: 60.0
  z: 125.05023000625414
  yaw: -119.511154
  pitch: 39.599655
money: '597.5'
nickname: toe
logoutlocation:
  world: world_the_end
  x: 1701.610415219876
  y: 52.0
  z: -3261.4530758822657
  yaw: -90.25336
  pitch: 20.699547
