lastAccountName: StoreCat
timestamps:
  login: 1566967014833
  logout: 1566968059045
ipAddress: 8.7.235.137
lastlocation:
  world: world
  x: -399.5
  y: 63.0
  z: 94.5
  yaw: 2.2393467
  pitch: 0.0
logoutlocation:
  world: world
  x: -1540.4750285645825
  y: 63.0
  z: 16.84018810949493
  yaw: 100.3226
  pitch: 7.8625035
