lastAccountName: Bot_Vorge
timestamps:
  login: 1582334911669
  lastteleport: 1582334660759
  logout: 1582335094042
ipAddress: 100.8.67.23
money: '171.0'
lastlocation:
  world: world
  x: -1531.3170861634053
  y: 85.0
  z: 39.61493860348239
  yaw: 250.07431
  pitch: 16.625664
homes:
  home:
    world: world
    x: -2872.681096120311
    y: 71.0
    z: -972.8857643865601
    yaw: 334.64465
    pitch: 6.072585
logoutlocation:
  world: world
  x: -2867.6001301317187
  y: 64.0
  z: -902.4702819354138
  yaw: -180.30862
  pitch: 7.965383
