lastAccountName: _steve__gates_
timestamps:
  login: 1583547391993
  lastteleport: 1583548170585
  logout: 1583549975066
ipAddress: 97.83.98.156
lastlocation:
  world: world
  x: -1015.6999999880791
  y: 19.0
  z: -303.11320587302885
  yaw: 184.07953
  pitch: 11.630499
logoutlocation:
  world: world
  x: -3022.255185468598
  y: 99.0
  z: -1029.3039692705543
  yaw: 321.22412
  pitch: 57.366364
money: '40.0'
