lastAccountName: LucidWatermelon
timestamps:
  login: 1582330946005
  logout: 1582332271071
ipAddress: 94.239.95.212
logoutlocation:
  world: world
  x: -2988.05944203351
  y: 62.0
  z: -294.9644556693728
  yaw: -32.256935
  pitch: 12.749501
lastlocation:
  world: world
  x: -471.34279011726613
  y: 89.0
  z: -27.699999988079064
  yaw: -243.15186
  pitch: 22.949814
money: '40.0'
