lastAccountName: lauren4tib
timestamps:
  login: 1583543647141
  logout: 1583543713779
ipAddress: 95.93.119.132
logoutlocation:
  world: world
  x: -2574.299915560655
  y: 84.0
  z: -1018.5189335652783
  yaw: -186.03627
  pitch: -13.050023
