lastAccountName: XionPlayz
timestamps:
  login: 1566601799699
  logout: 1566602698119
ipAddress: 90.149.232.8
logoutlocation:
  world: world
  x: -207.62532552048992
  y: 90.0
  z: 140.40648347822642
  yaw: -177.40479
  pitch: 20.099878
