lastAccountName: _Wercia_
timestamps:
  login: 1585313958762
  lastteleport: 1584798520004
  logout: 1585314823787
ipAddress: 95.49.141.74
lastlocation:
  world: world
  x: -2560.0304978875724
  y: 72.0
  z: -1066.6055944628822
  yaw: 33.596497
  pitch: 15.239472
logoutlocation:
  world: world
  x: -1746.7076018170094
  y: 51.5
  z: -2615.8543585253055
  yaw: 162.41364
  pitch: 7.854637
money: '3205.25'
homes:
  home:
    world: world
    x: -1747.9794316770422
    y: 72.0
    z: -2636.4755904695094
    yaw: 72.02667
    pitch: 20.304329
