lastAccountName: Gunvald85
timestamps:
  login: 1584490356958
  lastteleport: 1584496009543
  logout: 1584496168523
ipAddress: 92.237.74.134
money: '320.0'
lastlocation:
  world: world
  x: -2369.699999988079
  y: 22.0
  z: -1182.31762921308
  yaw: -320.67352
  pitch: 90.0
homes:
  home:
    world: world
    x: -2369.444749475427
    y: 64.0
    z: -1182.636179111184
    yaw: -111.939606
    pitch: 19.743162
afk: false
logoutlocation:
  world: world
  x: -2369.3312985167026
  y: 22.0
  z: -1182.699999988079
  yaw: -205.61568
  pitch: 90.0
