lastAccountName: Hammerslay1
timestamps:
  login: 1587403140550
  logout: 1587403073481
  lastteleport: 1587404103612
ipAddress: 188.61.174.188
logoutlocation:
  world: world
  x: -2563.4312883472594
  y: 83.0
  z: -1085.6574710369348
  yaw: -350.37073
  pitch: 24.67458
money: '80.0'
lastlocation:
  world: world
  x: -2551.699999988079
  y: 83.0
  z: -1091.699999988079
  yaw: -40.89646
  pitch: 20.786627
