lastAccountName: crackman123
timestamps:
  login: 1581561575263
  lastteleport: 1581562415231
  logout: 1581562844620
ipAddress: 71.33.204.255
lastlocation:
  world: world
  x: -62.90704932967948
  y: 66.0
  z: 799.9581540917135
  yaw: 159.92438
  pitch: 4.509922
money: '20.0'
logoutlocation:
  world: world
  x: -1707.5746534119257
  y: 62.073264861100476
  z: -130.63892054303975
  yaw: 203.00925
  pitch: 18.796211
