lastAccountName: sturdyorange
timestamps:
  login: 1582330071424
  lastteleport: 1582336983859
  logout: 1582337523973
ipAddress: 82.14.13.79
money: '160.0'
homes:
  home:
    world: world
    x: -2869.469640375438
    y: 71.0
    z: -964.3677245776304
    yaw: -47.357605
    pitch: 28.210535
lastlocation:
  world: world
  x: -2545.0
  y: 83.0
  z: -1085.0
  yaw: 11.850009
  pitch: 4.9500017
logoutlocation:
  world: world
  x: -2879.067231599121
  y: 68.0
  z: -911.5943038232232
  yaw: -180.81982
  pitch: 28.960741
