lastAccountName: booperdooper222
timestamps:
  login: 1575001668037
  lastteleport: 1575004005586
  logout: 1575006467399
ipAddress: 35.136.139.96
lastlocation:
  world: world
  x: -472.0
  y: 80.0
  z: -1.0
  yaw: -1.1833502
  pitch: -3.0870006
money: '36466.00'
logoutlocation:
  world: world
  x: -286.42844859302556
  y: 65.0
  z: 475.1186973893488
  yaw: 146.02545
  pitch: 40.146587
