lastAccountName: MiloTheSnuggie
timestamps:
  login: 1577250071263
  lastteleport: 1577174488488
  logout: 1577250119770
ipAddress: 185.3.84.32
lastlocation:
  world: world
  x: -423.5597593982724
  y: 80.0
  z: -15.14381933965653
  yaw: 276.90005
  pitch: 17.399967
logoutlocation:
  world: world
  x: -1171.0635095204927
  y: 63.0
  z: 67.91641450296638
  yaw: 84.50365
  pitch: 10.500053
