lastAccountName: RonnieMack69
timestamps:
  login: 1582652396262
  lastteleport: 1582652475414
  logout: 1582652562022
ipAddress: 152.30.231.162
lastlocation:
  world: world
  x: -2545.0
  y: 83.0
  z: -1085.0
  yaw: 2.7000005
  pitch: -1.0499994
money: '340.0'
logoutlocation:
  world: world
  x: -1035.0784017670946
  y: 72.0
  z: -530.2881059992123
  yaw: 94.288704
  pitch: 29.100554
