lastAccountName: Spikers
timestamps:
  login: 1581638503909
  lastteleport: 1581643335878
  logout: 1581643685086
ipAddress: 73.129.250.126
lastlocation:
  world: world
  x: -472.51679017134813
  y: 77.0
  z: 19.63292558841589
  yaw: -151.44055
  pitch: 45.33965
money: '2140.0'
logoutlocation:
  world: world
  x: 2397.8059972156157
  y: 74.0
  z: -1615.300000011921
  yaw: -168.14978
  pitch: 16.9638
