lastAccountName: LightNight41
timestamps:
  login: 1587320408188
  lastteleport: 1587144596296
  logout: 1587351047671
ipAddress: 100.16.26.151
lastlocation:
  world: world
  x: 2701.2736218481036
  y: 63.0
  z: 173.23949885246626
  yaw: 327.10797
  pitch: 48.506744
money: '1440.0'
logoutlocation:
  world: world
  x: 2648.699999988079
  y: 48.0
  z: 193.51249998807907
  yaw: 118.735596
  pitch: -34.944687
homes:
  home:
    world: world
    x: 2650.2754690109596
    y: 63.0
    z: 192.63193502287453
    yaw: 63.98419
    pitch: 16.502607
afk: false
