lastAccountName: AreaSadCat
timestamps:
  login: 1582492377042
  lastteleport: 1582492349742
  logout: 1582492663005
ipAddress: 75.49.252.109
lastlocation:
  world: world
  x: -164.81587195968746
  y: 64.0
  z: 293.04858125739315
  yaw: 169.46246
  pitch: 25.714926
money: '60.0'
homes:
  home:
    world: world
    x: -1478.006773676184
    y: 67.0
    z: 497.2984198976471
    yaw: 350.26947
    pitch: 33.300133
logoutlocation:
  world: world
  x: -1413.4675127352439
  y: 62.07326495566186
  z: 669.4031259367981
  yaw: -287.1955
  pitch: 39.54282
