lastAccountName: Narkkk
timestamps:
  login: 1571858828684
  logout: 1571860751397
  lastteleport: 1571858712350
ipAddress: 89.18.65.199
logoutlocation:
  world: world
  x: -161.33152150312918
  y: 94.0
  z: 302.28268012644094
  yaw: -309.7473
  pitch: 36.450016
money: '120.0'
lastlocation:
  world: world
  x: -446.4015002284643
  y: 63.0
  z: 60.4651959506802
  yaw: -52.20001
  pitch: 27.600012
