lastAccountName: Umbreolas
timestamps:
  login: 1585921188943
  lastteleport: 1585922246342
  logout: 1585922646258
ipAddress: 93.147.48.113
lastlocation:
  world: world
  x: -2562.0554173841356
  y: 72.0
  z: -1090.4358761053666
  yaw: 260.20566
  pitch: 4.3045244
money: '997.75'
logoutlocation:
  world: world
  x: 35.190192659762225
  y: 63.0
  z: 844.9597226402869
  yaw: 271.2173
  pitch: 26.850487
afk: false
homes:
  home:
    world: world
    x: 34.45225897986183
    y: 63.0
    z: 846.6999999880791
    yaw: 179.86717
    pitch: 40.050373
