lastAccountName: PiggyPanda1881
timestamps:
  login: 1585861361118
  lastteleport: 1585861537746
  logout: 1585861806060
ipAddress: 87.112.20.115
lastlocation:
  world: world
  x: -2533.325799335484
  y: 83.0
  z: -1082.3593091007972
  yaw: -54.600002
  pitch: -3.2999988
logoutlocation:
  world: world
  x: -2663.3628711409
  y: 59.178287324185966
  z: -1073.144387857857
  yaw: 93.68097
  pitch: -15.599962
