lastAccountName: Kranky916
timestamps:
  login: 1587383754976
  logout: 1587350839022
  lastteleport: 1587383795812
  jail: 0
ipAddress: 50.237.59.122
logoutlocation:
  world: world
  x: -2319.309622154028
  y: 52.0
  z: 2291.4171242052425
  yaw: -280.89282
  pitch: 24.149694
homes:
  home:
    world: world
    x: 797.376812191765
    y: 88.0
    z: 606.1592126132961
    yaw: -177.8034
    pitch: 25.774532
  base:
    world: world
    x: -2753.319741751264
    y: 70.0
    z: 3500.0643696351985
    yaw: -179.37158
    pitch: 7.2277794
  nether:
    world: world_nether
    x: 34.51614933329089
    y: 222.0
    z: 1168.633234770664
    yaw: -178.91844
    pitch: 60.299774
  ink:
    world: world
    x: 903.45906701483
    y: 55.0
    z: -5857.559936409607
    yaw: -0.9720459
    pitch: 32.684147
  guard:
    world: world
    x: -2320.216399772985
    y: 40.5
    z: 2315.2692297763256
    yaw: -182.82433
    pitch: -14.849949
lastlocation:
  world: world
  x: -2323.075361563774
  y: 52.0
  z: 2292.354172032044
  yaw: -284.0427
  pitch: 21.7497
money: '317611.00'
jailed: false
afk: true
