lastAccountName: JamTom_
timestamps:
  login: 1583642968033
  logout: 1583644477441
  lastteleport: 1581918708371
ipAddress: 70.64.94.207
logoutlocation:
  world: world
  x: -641.0499928081867
  y: 79.0
  z: 4547.953853593296
  yaw: -116.607666
  pitch: 11.657172
money: '300.0'
homes:
  home:
    world: world
    x: -638.3000000119209
    y: 79.0
    z: 4546.553570312497
    yaw: -268.08838
    pitch: 3.659871
lastlocation:
  world: world
  x: -2540.7060849796358
  y: 83.0
  z: -1084.5816105025551
  yaw: -179.8164
  pitch: 10.48671
