lastAccountName: DJ_Vigaboid
timestamps:
  login: 1586527223162
  lastteleport: 1586528502257
  logout: 1586529102812
ipAddress: 92.233.80.241
lastlocation:
  world: world_nether
  x: -396.4320846763514
  y: 64.0
  z: 412.30000001192093
  yaw: 162.80736
  pitch: -4.721382
money: '1220.0'
afk: false
logoutlocation:
  world: world
  x: -4941.907090182232
  y: 70.0
  z: 2411.729564315772
  yaw: 250.89954
  pitch: -17.00949
homes:
  home:
    world: world
    x: -4944.943186505875
    y: 70.0
    z: 2415.5419858083583
    yaw: 219.73352
    pitch: 18.049612
