lastAccountName: Cadenmajor
timestamps:
  login: 1585892673827
  lastteleport: 1585892818001
  logout: 1585893082911
ipAddress: 50.45.171.173
lastlocation:
  world: world
  x: -2534.2151593002513
  y: 83.0
  z: -1086.2691029820983
  yaw: -191.42561
  pitch: 39.895584
money: '60326.25'
homes:
  home:
    world: world
    x: -1256.3722294973595
    y: 70.0
    z: -53.19616025327896
    yaw: -223.99258
    pitch: 46.79275
logoutlocation:
  world: world
  x: -1252.300000011921
  y: 69.0
  z: -45.6460012110956
  yaw: 132.01648
  pitch: -1.586129
afk: false
