lastAccountName: DatRandomPanda
timestamps:
  login: 1574999941355
  lastteleport: 1575001813362
  logout: 1575003934651
ipAddress: 108.39.122.232
money: '368.80'
lastlocation:
  world: world
  x: -758.3726318417904
  y: 66.0
  z: -445.60628667357923
  yaw: 83.54299
  pitch: 90.0
homes:
  home:
    world: world
    x: -1782.699999988079
    y: 68.0
    z: 1687.4617489250768
    yaw: 39.50757
    pitch: 79.2327
logoutlocation:
  world: world
  x: -1778.6768487743889
  y: 68.875
  z: 1688.699999988079
  yaw: 327.424
  pitch: 75.7928
