lastAccountName: TaliaWilde1
timestamps:
  login: 1583171025969
  logout: 1583171232635
ipAddress: 205.185.99.6
logoutlocation:
  world: world
  x: -2553.5
  y: 82.0
  z: -1080.5
  yaw: -126.78906
  pitch: 85.87752
