lastAccountName: 13thShade
timestamps:
  login: 1577999363979
  lastteleport: 1578000202947
  logout: 1578002843368
ipAddress: 24.240.96.51
lastlocation:
  world: world
  x: -1148.7813074368482
  y: 59.0
  z: 238.79297984965336
  yaw: -75.538086
  pitch: 1.351766
homes:
  home:
    world: world
    x: -1155.4768518475341
    y: 59.0
    z: 242.16410243592554
    yaw: -46.90222
    pitch: 21.751741
money: '60.0'
logoutlocation:
  world: world
  x: -1146.5187119211673
  y: 50.0
  z: 202.69999998807907
  yaw: -353.53998
  pitch: 25.800238
