lastAccountName: Seanifyy
timestamps:
  login: 1566481009457
  logout: 1566481632947
ipAddress: 216.36.3.203
logoutlocation:
  world: world
  x: -100.66849076809507
  y: 63.0
  z: 134.6884982201755
  yaw: -86.903885
  pitch: 34.11773
