lastAccountName: Ivory_quinn
timestamps:
  login: 1571957629168
  logout: 1571957654106
  lastteleport: 1571955360524
ipAddress: 67.0.239.20
logoutlocation:
  world: world
  x: -1212.194871288199
  y: 64.0
  z: 112.57261416698618
  yaw: 62.868176
  pitch: 42.299965
money: '120.0'
lastlocation:
  world: world
  x: -472.0903503460895
  y: 80.0
  z: -0.8112853127334548
  yaw: 23.700085
  pitch: 3.0000083
