lastAccountName: robopen10
timestamps:
  login: 1572211340529
  logout: 1572211708051
ipAddress: 71.206.62.85
logoutlocation:
  world: world
  x: -445.6867984162554
  y: 80.0
  z: 8.278714556372044
  yaw: -288.82193
  pitch: 23.401115
