lastAccountName: Whitelock_123
timestamps:
  login: 1582326754408
  logout: 1582327283805
ipAddress: 81.106.85.201
logoutlocation:
  world: world
  x: -2135.7602019786805
  y: 64.0
  z: -1469.0503302027748
  yaw: 210.55847
  pitch: 22.63793
