lastAccountName: GladiussS
timestamps:
  login: 1586909470064
  lastteleport: 1586924657459
  logout: 1586924776415
ipAddress: 213.114.207.87
lastlocation:
  world: world
  x: -2534.0
  y: 83.0
  z: -1085.0
  yaw: -21.44997
  pitch: 21.149979
money: '315.0'
logoutlocation:
  world: world
  x: -2388.0012338588917
  y: 63.0
  z: -1198.3674233545064
  yaw: 174.23804
  pitch: 31.648863
