lastAccountName: Unseelie18
timestamps:
  login: 1568775030592
  logout: 1568775900978
  jail: 0
  lastteleport: 1568775875139
ipAddress: 86.162.15.140
money: '240.0'
logoutlocation:
  world: world
  x: -403.4879499891961
  y: 66.0
  z: 78.86561270334566
  yaw: 95.763794
  pitch: 27.55552
lastlocation:
  world: world
  x: -175.68900474212032
  y: 65.02442408821369
  z: 111.85666268896824
  yaw: -15.836824
  pitch: -5.344756
homes:
  home:
    world: world
    x: -83.95749186359882
    y: 66.0
    z: 248.0749648301543
    yaw: 351.5434
    pitch: 21.42485
jailed: false
