lastAccountName: Runn__Wolf
timestamps:
  login: 1577759277329
  logout: 1577759806392
ipAddress: 73.187.207.88
logoutlocation:
  world: world
  x: -472.0
  y: 80.0
  z: -1.0
  yaw: 0.0
  pitch: 0.0
lastlocation:
  world: world
  x: -486.9797253197743
  y: 95.0
  z: -38.45927856199498
  yaw: 343.0276
  pitch: 65.550186
