lastAccountName: SoshiSSx
timestamps:
  login: 1566436553142
  logout: 1566439062505
ipAddress: 86.186.70.48
logoutlocation:
  world: world
  x: -176.7743933881367
  y: 103.0
  z: 171.49883589695125
  yaw: -28.52295
  pitch: 24.686632
