lastAccountName: Flamelin13
timestamps:
  login: 1585699444700
  lastteleport: 1585702017037
  logout: 1585702492171
ipAddress: 47.219.21.49
lastlocation:
  world: world
  x: -2537.6963557367844
  y: 83.0
  z: -1084.6240433389412
  yaw: 98.10012
  pitch: 7.649998
money: '83.0'
homes:
  home:
    world: world
    x: -3503.115342062593
    y: 64.0
    z: -1381.5981396406296
    yaw: 241.7923
    pitch: 9.299989
logoutlocation:
  world: world
  x: -3658.843681800049
  y: 68.0
  z: -1384.48793591453
  yaw: 71.80664
  pitch: 25.50027
