lastAccountName: Superguy455
timestamps:
  login: 1567307074495
  logout: 1567307266679
ipAddress: 74.193.231.23
logoutlocation:
  world: world
  x: -194.1322054509585
  y: 64.0
  z: 46.34691206832202
  yaw: 80.961426
  pitch: 29.9995
