lastAccountName: ZephanQWQ
timestamps:
  login: 1585848842019
  logout: 1585857539126
  lastteleport: 1585851192551
ipAddress: 66.49.109.102
logoutlocation:
  world: world
  x: -2152.782472920115
  y: 62.073265484671396
  z: 375.4050526357826
  yaw: -63.080933
  pitch: 11.2500305
lastlocation:
  world: world
  x: -2534.0
  y: 83.0
  z: -1085.0
  yaw: 0.0
  pitch: 0.0
money: '200.0'
afk: false
homes:
  home:
    world: world
    x: -1887.577565932068
    y: 67.0
    z: 348.79198155137885
    yaw: -193.43398
    pitch: 19.94988
