lastAccountName: Pixiemythical
timestamps:
  login: 1585864002526
  lastteleport: 1585864394963
  logout: 1585864554032
ipAddress: 78.22.75.129
lastlocation:
  world: world
  x: -1191.4593448144565
  y: 20.49520087700591
  z: -407.3661632057204
  yaw: -290.55023
  pitch: 61.20004
money: '60.0'
logoutlocation:
  world: world
  x: -2564.869114478045
  y: 83.0
  z: -1084.9251694276388
  yaw: 84.599976
  pitch: 13.499996
