lastAccountName: lan1189
timestamps:
  login: 1576105591302
  lastteleport: 1576107223797
  logout: 1576107396099
ipAddress: 37.47.247.242
lastlocation:
  world: world
  x: -182.69999998807907
  y: 64.0
  z: 142.30000001192093
  yaw: 69.77012
  pitch: 13.198755
money: '40.0'
logoutlocation:
  world: world
  x: -182.69999998807907
  y: 64.0
  z: 142.30000001192093
  yaw: 69.77012
  pitch: 13.198755
