lastAccountName: RockCat89
timestamps:
  login: 1577172385383
  lastteleport: 1577173267690
  logout: 1577174818061
ipAddress: 83.26.251.120
lastlocation:
  world: world
  x: -584.0921671033832
  y: 76.5
  z: -42.87848370749699
  yaw: -94.60156
  pitch: 22.05013
money: '40.0'
logoutlocation:
  world: world
  x: -551.8998513100637
  y: 63.0
  z: -787.9085886465406
  yaw: 18.270752
  pitch: 25.501007
