lastAccountName: Ravor_Aran
timestamps:
  login: 1586910174145
  logout: 1586918098137
  lastteleport: 1586918060907
ipAddress: 198.148.82.82
logoutlocation:
  world: world
  x: -6838.40345061644
  y: 74.9375
  z: -2009.699999988079
  yaw: -108.64758
  pitch: 21.600674
lastlocation:
  world: world
  x: -2529.0291682253774
  y: 79.0
  z: -977.7797039626621
  yaw: -57.46927
  pitch: 23.399511
money: '60.0'
afk: false
homes:
  home:
    world: world
    x: -6844.314097451984
    y: 69.0
    z: -2030.3029249277884
    yaw: -315.49146
    pitch: 29.7006
