lastAccountName: seranikas
timestamps:
  login: 1586483840541
  lastteleport: 1586484235419
  logout: 1586484281535
ipAddress: 108.185.203.165
money: '395.20'
homes:
  home:
    world: world
    x: -3533.4298298189437
    y: 74.0
    z: -1317.4125908605204
    yaw: -5.745013
    pitch: 5.3993278
lastlocation:
  world: world
  x: -3495.365959369059
  y: 74.0
  z: -1310.4902191808367
  yaw: -1.0868998
  pitch: 25.500006
logoutlocation:
  world: world
  x: 172.91516830092942
  y: 64.0
  z: -824.1356531237444
  yaw: -244.86452
  pitch: 12.449859
afk: false
