lastAccountName: PulseRL20
timestamps:
  login: 1582416052527
  logout: 1582418921354
ipAddress: 94.14.31.94
money: '60.0'
logoutlocation:
  world: world
  x: -2813.879453530493
  y: 70.0
  z: -880.6999999880791
  yaw: -125.2124
  pitch: 18.599846
