lastAccountName: bakaflosama
timestamps:
  login: 1583011917308
  lastteleport: 1583014281020
  logout: 1583015230832
ipAddress: 85.28.73.165
lastlocation:
  world: world
  x: -2954.747926320737
  y: 63.0
  z: -818.2350756129536
  yaw: 60.14324
  pitch: 6.8999043
money: '60.0'
logoutlocation:
  world: world
  x: -2954.747926320737
  y: 63.0
  z: -818.2350756129536
  yaw: 60.14324
  pitch: 6.8999043
