lastAccountName: TempestGaming_OG
timestamps:
  login: 1584311631183
  lastteleport: 1584312646737
  logout: 1584314083254
ipAddress: 47.20.40.244
lastlocation:
  world: world
  x: -2569.695039808558
  y: 72.0
  z: -1079.251590774156
  yaw: -56.869812
  pitch: 2.425888
homes:
  home:
    world: world
    x: -581.4592428035583
    y: 94.0
    z: 38.74996945113175
    yaw: -295.2625
    pitch: 16.950266
money: '40.0'
logoutlocation:
  world: world
  x: -581.3862803584611
  y: 94.0
  z: 38.180157657300825
  yaw: -257.0299
  pitch: 8.400264
