lastAccountName: BloodyKillerLP
timestamps:
  login: 1571954612614
  lastteleport: 1571954765907
  logout: 1571954815552
ipAddress: 93.214.237.47
lastlocation:
  world: world
  x: -707.6997903121513
  y: 65.16610926093821
  z: -17.989553036047067
  yaw: 266.3054
  pitch: 75.376755
logoutlocation:
  world: world
  x: -290.30000001192093
  y: 12.0
  z: 120.69506734110692
  yaw: 111.207985
  pitch: 7.6730003
money: '60.0'
