lastAccountName: xDr_Feelgood
timestamps:
  login: 1568773107936
  lastteleport: 1568773755436
  logout: 1568774300933
  jail: 0
ipAddress: 73.101.125.109
lastlocation:
  world: world
  x: -467.5189252943856
  y: 5.0
  z: -93.4720034643415
  yaw: 200.79016
  pitch: 23.10224
money: '100.0'
homes:
  home:
    world: world
    x: -479.30000001192093
    y: 93.0
    z: -24.440368176325972
    yaw: 87.58826
    pitch: 16.799973
logoutlocation:
  world: world
  x: -491.94653457481684
  y: 92.0
  z: -20.499083423438165
  yaw: 181.12817
  pitch: 8.400728
jailed: false
