lastAccountName: SLDarkMatter
timestamps:
  login: 1584508125169
  lastteleport: 1584513989205
  logout: 1584514174712
ipAddress: 108.204.166.224
lastlocation:
  world: world
  x: -1284.0650767037193
  y: 56.21886487334893
  z: -89.20664648704494
  yaw: 293.6747
  pitch: 20.099535
money: '655.0'
logoutlocation:
  world: world
  x: -1284.0650767037193
  y: 56.21886487334893
  z: -89.20664648704494
  yaw: 293.6747
  pitch: 20.099535
homes:
  home:
    world: world
    x: -1225.5
    y: 82.0
    z: -87.5
    yaw: 98.226585
    pitch: 14.196338
