lastAccountName: Damiancrossx
timestamps:
  login: 1583295614933
  logout: 1583296960167
ipAddress: 73.182.99.80
lastlocation:
  world: world
  x: -2849.018078277506
  y: 71.0
  z: -833.6946735556985
  yaw: 165.44995
  pitch: 8.249729
money: '20.0'
logoutlocation:
  world: world
  x: -2737.4597521929722
  y: 105.0
  z: -833.7741511589411
  yaw: -268.1943
  pitch: 16.499918
