lastAccountName: TeamOfEevees
timestamps:
  login: 1577250409839
  lastteleport: 1577251303427
  logout: 1577252049963
ipAddress: 69.137.210.146
lastlocation:
  world: world
  x: -27.21371935909485
  y: 57.0
  z: -183.99248081694705
  yaw: -255.06557
  pitch: -0.44926542
money: '200.0'
logoutlocation:
  world: world
  x: -35.77669924305332
  y: 63.0
  z: -196.16814622302365
  yaw: 99.21481
  pitch: 16.035196
homes:
  home:
    world: world
    x: -41.90459563057584
    y: 63.0
    z: -195.00084863220908
    yaw: 90.72072
    pitch: 10.859574
