lastAccountName: CaesarVincens
timestamps:
  login: 1571635569807
  lastteleport: 1571538343494
  logout: 1571642083376
ipAddress: 73.41.62.176
lastlocation:
  world: world
  x: 1032.0523845698644
  y: 72.0
  z: -627.3002402134944
  yaw: 177.46654
  pitch: 29.099737
money: '0'
homes:
  home:
    world: world
    x: 1032.6856486895385
    y: 72.0
    z: -628.4685800640378
    yaw: -12.883789
    pitch: 20.399712
afk: false
logoutlocation:
  world: world
  x: 1034.8065949540955
  y: 72.0
  z: -627.4592437239272
  yaw: -268.18237
  pitch: 15.149815
