lastAccountName: waititkevan
timestamps:
  login: 1585886573203
  lastteleport: 1585888265501
  logout: 1585888351911
ipAddress: 76.97.235.59
lastlocation:
  world: world
  x: -3415.0627107416954
  y: 59.0
  z: -1146.1242329901556
  yaw: 69.791
  pitch: 86.771835
money: '20.0'
logoutlocation:
  world: world
  x: -2563.1536611628667
  y: 81.0
  z: -1176.6796206569231
  yaw: -180.70871
  pitch: -4.7116175
