lastAccountName: Ericchi
timestamps:
  login: 1585770444111
  logout: 1585771944826
  lastteleport: 1585770820315
ipAddress: 31.209.6.239
money: '160.0'
logoutlocation:
  world: world
  x: -5004.62324302772
  y: 74.0
  z: 976.2577878749727
  yaw: -348.0494
  pitch: 22.499779
lastlocation:
  world: world
  x: -2560.648234403771
  y: 73.0
  z: -1081.167797104723
  yaw: -308.0409
  pitch: 11.250202
homes:
  home:
    world: world
    x: -5005.637108449198
    y: 74.0
    z: 976.6891456287117
    yaw: -334.37512
    pitch: 34.94942
