lastAccountName: DenZeGamer
timestamps:
  login: 1587226088840
  lastteleport: 1587081394441
  logout: 1587226236739
ipAddress: 86.21.138.87
lastlocation:
  world: world
  x: -6217.5
  y: 63.0000002
  z: -1471.5
  yaw: 0.0
  pitch: 0.0
money: '443.92'
homes:
  home:
    world: world
    x: -6217.899227595098
    y: 63.0
    z: -1469.145425539143
    yaw: 97.52212
    pitch: 11.249881
logoutlocation:
  world: world
  x: -6222.983942941763
  y: 63.0
  z: -1484.2198848843393
  yaw: 165.1723
  pitch: -2.2374094E-5
