lastAccountName: oldcracker
timestamps:
  login: 1584405166162
  logout: 1584406598231
  lastteleport: 1584404592038
ipAddress: 99.92.188.157
money: '40.0'
homes:
  home:
    world: world
    x: -2772.384065342862
    y: 11.0
    z: -984.3397438688861
    yaw: -28.458496
    pitch: 6.2332344
lastlocation:
  world: world
  x: -2770.132841527488
  y: 11.0
  z: -985.5665049075163
  yaw: -286.92053
  pitch: 19.382444
afk: false
logoutlocation:
  world: world
  x: -2772.541620017085
  y: 12.0
  z: -984.9883620797091
  yaw: -18.664429
  pitch: 11.313332
