lastAccountName: Unbeastable
timestamps:
  login: 1586481449775
  lastteleport: 1586482908719
  logout: 1586487058025
ipAddress: 76.213.137.140
lastlocation:
  world: world
  x: -393.9499999880791
  y: 64.0
  z: 292.05000001192093
  yaw: 224.55553
  pitch: 25.552275
money: '99854.25'
logoutlocation:
  world: world
  x: -3414.123244558856
  y: 100.0
  z: -1133.3891401222152
  yaw: -63.738213
  pitch: 15.286308
homes:
  home:
    world: world
    x: -3409.5677663185957
    y: 100.0
    z: -1145.4903903667612
    yaw: -314.60416
    pitch: 4.4999633
afk: false
