lastAccountName: Gengyo32
timestamps:
  login: 1585708310736
  lastteleport: 1585617627425
  logout: 1585708401899
ipAddress: 68.227.186.221
lastlocation:
  world: world
  x: -1624.0411441099936
  y: 63.0
  z: 32.718860313446605
  yaw: 155.65355
  pitch: 90.0
homes:
  home:
    world: world
    x: -2839.6686970485866
    y: 71.0
    z: -843.8447357773404
    yaw: 236.07301
    pitch: 29.549528
money: '4318.0'
logoutlocation:
  world: world
  x: -2863.9980378562464
  y: 72.0
  z: -901.022558181932
  yaw: 19.644867
  pitch: 35.850452
