lastAccountName: Sntcringe
timestamps:
  login: 1583288458657
  logout: 1583290484066
ipAddress: 97.126.75.231
money: '40.0'
logoutlocation:
  world: world
  x: -2509.3784008646644
  y: 64.0
  z: -1316.699999988079
  yaw: -76.488525
  pitch: 46.49942
