lastAccountName: MunkeyFunkey
timestamps:
  login: 1583258968119
  logout: 1583259463844
ipAddress: 92.55.70.1
logoutlocation:
  world: world
  x: -3180.7674142181577
  y: 75.0
  z: -650.126610257682
  yaw: -323.31253
  pitch: 42.149967
