lastAccountName: Kaylerrrr
timestamps:
  login: 1572211655762
  lastteleport: 1571168853442
  logout: 1572211705768
ipAddress: 73.185.118.187
money: '7349.55'
lastlocation:
  world: world
  x: 767.052054054503
  y: 11.0
  z: -750.3024024097366
  yaw: -130.0525
  pitch: 15.449928
logoutlocation:
  world: world
  x: 959.6647961210931
  y: 92.0
  z: -751.3127750635383
  yaw: -116.985664
  pitch: 21.90023
homes:
  home:
    world: world
    x: 971.4586907221476
    y: 92.0
    z: -750.5405759332407
    yaw: -252.73685
    pitch: 30.900373
