lastAccountName: Brawlrus_
timestamps:
  login: 1579483263075
  logout: 1579483288101
  lastteleport: 1579483065518
ipAddress: 174.100.197.171
logoutlocation:
  world: world
  x: -1531.5
  y: 55.7125
  z: 25.973081408011275
  yaw: -54.0477
  pitch: 24.44906
lastlocation:
  world: world
  x: -472.0
  y: 80.0
  z: -1.0
  yaw: 0.0
  pitch: 0.0
money: '80.0'
