lastAccountName: BadAtMakingPuns
timestamps:
  login: 1585435921226
  lastteleport: 1585435317509
  logout: 1585442575538
ipAddress: 73.35.241.243
money: '928.6'
lastlocation:
  world: world
  x: -2544.5
  y: 83.0
  z: -1084.5
  yaw: 23.54999
  pitch: -24.599998
afk: false
logoutlocation:
  world: world
  x: -2954.5499557333587
  y: 61.0
  z: 3378.2035160679015
  yaw: 276.8771
  pitch: 15.299955
homes:
  home:
    world: world
    x: -2544.5
    y: 83.0
    z: -1084.5
    yaw: 88.499985
    pitch: 4.049993
