lastAccountName: bentorod
timestamps:
  login: 1567392894892
  logout: 1567404106927
  lastteleport: 1567403577300
ipAddress: 76.22.246.57
lastlocation:
  world: world
  x: 989.5230558439561
  y: 38.0
  z: 358.6839040366002
  yaw: -84.77745
  pitch: 0.90195173
logoutlocation:
  world: world
  x: 898.8800771275909
  y: 77.0
  z: 430.43760063824743
  yaw: -66.030396
  pitch: 24.379196
money: '260.0'
homes:
  home:
    world: world
    x: 897.4373966546381
    y: 77.0
    z: 432.45678504055627
    yaw: -107.26993
    pitch: 10.879471
