lastAccountName: HyperZen
timestamps:
  login: 1582086524222
  lastteleport: 1582089078202
  logout: 1582094588462
ipAddress: 45.50.231.17
lastlocation:
  world: world
  x: -2545.0
  y: 83.0
  z: -1085.0
  yaw: 0.0
  pitch: 0.0
homes:
  home:
    world: world
    x: 969.3058336673635
    y: 96.0
    z: -745.4490512986931
    yaw: 92.58629
    pitch: 22.949986
money: '2550.0'
logoutlocation:
  world: world
  x: -2948.700000025332
  y: 67.0000002
  z: 176.29999997466803
  yaw: 150.29514
  pitch: 29.09996
