lastAccountName: bigfootjensen666
timestamps:
  login: 1580667021498
  lastteleport: 1580669195924
  logout: 1580673197693
ipAddress: 109.148.94.62
lastlocation:
  world: world
  x: -486.04524021588935
  y: 78.0
  z: -107.63088701826831
  yaw: 101.96619
  pitch: 19.799986
money: '3120.0'
logoutlocation:
  world: world
  x: -497.30000001192093
  y: 96.0
  z: -64.30000001192093
  yaw: -88.95148
  pitch: 83.100006
