lastAccountName: Divinetiger11
timestamps:
  login: 1583641201461
  lastteleport: 1583283711578
  logout: 1583646537632
ipAddress: 98.197.227.92
lastlocation:
  world: world
  x: -2567.613943645054
  y: 72.0
  z: -1075.6166727304808
  yaw: 223.93571
  pitch: -25.624063
money: '120.0'
logoutlocation:
  world: world
  x: -3479.4288035460213
  y: 63.0
  z: -1396.6538312384714
  yaw: -354.56372
  pitch: 11.249696
