lastAccountName: iJustinTv
timestamps:
  login: 1587164246631
  lastteleport: 1587164269296
  logout: 1587164376509
ipAddress: 70.170.17.223
lastlocation:
  world: world
  x: -2537.200262339127
  y: 80.0
  z: -1095.490018461035
  yaw: 129.28894
  pitch: 13.545991
logoutlocation:
  world: world
  x: -1681.2680860881806
  y: 65.7125
  z: 88.5
  yaw: -79.15387
  pitch: 20.285786
