lastAccountName: Jacko1998
timestamps:
  login: 1582329820025
  lastteleport: 1582330811309
  logout: 1582332272679
ipAddress: 78.55.146.243
lastlocation:
  world: world
  x: -2545.0
  y: 83.0
  z: -1085.0
  yaw: 2.4169436
  pitch: 16.688765
money: '40.0'
logoutlocation:
  world: world
  x: -2986.2236321500477
  y: 63.0
  z: -305.071029354095
  yaw: -46.309082
  pitch: 16.338501
