lastAccountName: ironmatrix
timestamps:
  login: 1570924402642
  lastteleport: 1568771160979
  logout: 1570924529062
ipAddress: 35.137.96.208
lastlocation:
  world: world
  x: -564.4701594741222
  y: 56.0
  z: -9.699999988079057
  yaw: -175.51733
  pitch: -9.000215
logoutlocation:
  world: world
  x: -564.6673475416864
  y: 79.0
  z: -51.18093800012822
  yaw: 247.47792
  pitch: 27.449469
money: '180.0'
homes:
  home:
    world: world
    x: -581.6914369267491
    y: 78.0
    z: -34.5731731259588
    yaw: -358.8048
    pitch: 18.149858
