lastAccountName: PLMPatrick
timestamps:
  login: 1577313113615
  lastteleport: 1577313159836
  logout: 1577314510320
ipAddress: 87.141.127.90
lastlocation:
  world: world
  x: -443.5608805192438
  y: 88.0
  z: -26.84587141097998
  yaw: -134.698
  pitch: 10.800018
money: '180.0'
logoutlocation:
  world: world
  x: -242.03645378517405
  y: 72.0
  z: 126.90454975297996
  yaw: 211.30536
  pitch: 39.45032
homes:
  home:
    world: world
    x: -277.9588325790295
    y: 76.0
    z: 137.575829396926
    yaw: -87.930786
    pitch: 35.24914
