lastAccountName: WolkYEET
timestamps:
  login: 1584701021721
  logout: 1584701142107
ipAddress: 94.226.101.165
logoutlocation:
  world: world
  x: -2563.4338111991333
  y: 83.0
  z: -1103.0982875287532
  yaw: -175.7624
  pitch: 6.547798
