lastAccountName: Storimaz
timestamps:
  login: 1584900265673
  lastteleport: 1584900397034
  logout: 1584902199452
ipAddress: 178.147.125.3
lastlocation:
  world: world
  x: -2545.0
  y: 83.0
  z: -1085.0
  yaw: -2.5500004
  pitch: -1.2000002
money: '40.0'
logoutlocation:
  world: world
  x: -125.33244075281809
  y: 64.0
  z: 313.0618544060312
  yaw: -333.23624
  pitch: -0.44998997
