lastAccountName: seanik07
timestamps:
  login: 1571953441484
  lastteleport: 1571953518417
  logout: 1571953737568
ipAddress: 92.251.229.38
lastlocation:
  world: world
  x: -587.7881191849634
  y: 76.0
  z: -43.351823158790275
  yaw: 92.70214
  pitch: 2.5503898
money: '40.0'
homes:
  home:
    world: world
    x: -538.2950532191484
    y: 84.0
    z: -37.69359208562436
    yaw: 101.849884
    pitch: 24.749964
logoutlocation:
  world: world
  x: -541.4022075664203
  y: 84.0
  z: -34.58548907820645
  yaw: 61.499672
  pitch: 21.749784
