lastAccountName: Torzik
timestamps:
  login: 1582851702126
  lastteleport: 1582854909789
  logout: 1582855206941
ipAddress: 92.220.197.223
lastlocation:
  world: world
  x: -1313.5131957757924
  y: 11.0
  z: -1274.1611597700073
  yaw: 4.0238724
  pitch: 10.165962
money: '280.0'
homes:
  home:
    world: world
    x: -2868.691604749287
    y: 71.0
    z: -967.9545625063265
    yaw: 46.032043
    pitch: 14.216834
logoutlocation:
  world: world
  x: -1401.7761085463278
  y: 15.0
  z: -1253.1917878414067
  yaw: 126.1343
  pitch: -2.1690683
