jails: 
  netherjail: 
    world: world_nether
    x: -354.596789772661
    y: 41.0
    z: 251.3000000119209
    yaw: -359.04712
    pitch: 13.757496
