world: world
x: -2559.3065812639193
y: 72.0
z: -1089.9146096558093
yaw: -268.39362
pitch: 2.2045112
name: AdminShop
lastowner: 21ed6bfe-ca33-4aaa-b52d-c62e3c6a5e94
