world: world
x: -2563.4370464980307
y: 80.0
z: -1029.0201510709562
yaw: -359.63336
pitch: -8.939529
name: AuctionHouse
lastowner: 21ed6bfe-ca33-4aaa-b52d-c62e3c6a5e94
