world: world
x: -2563.5735344351215
y: 79.0
z: -1140.8530377603133
yaw: -179.5249
pitch: -5.846948
name: MallMart
lastowner: 21ed6bfe-ca33-4aaa-b52d-c62e3c6a5e94
